.5074754464108170E+00
-.3062000132395710E+00
.8054254920116630E+00
-.3062000132395690E+00
.8054254920116630E+00
.5074754464108170E+00
-.5074754464108170E+00
.3062000132395700E+00
.8054254920116630E+00
.8054254920116630E+00
.5074754464108170E+00
-.3062000132395690E+00
.3062000132395690E+00
.8054254920116640E+00
-.5074754464108170E+00
.8054254920116630E+00
-.5074754464108170E+00
.3062000132395690E+00
.3062000132395690E+00
-.8054254920116630E+00
.5074754464108160E+00
-.8054254920116630E+00
-.5074754464108170E+00
-.3062000132395690E+00
-.3062000132395700E+00
-.8054254920116640E+00
-.5074754464108160E+00
-.8054254920116630E+00
.5074754464108180E+00
.3062000132395690E+00
.5074754464108170E+00
.3062000132395700E+00
-.8054254920116630E+00
-.5074754464108170E+00
-.3062000132395700E+00
-.8054254920116630E+00
.6263636702652710E+00
-.2435277754091940E+00
-.7405152092807200E+00
-.2435277754091950E+00
-.7405152092807200E+00
.6263636702652710E+00
-.6263636702652710E+00
.2435277754091940E+00
-.7405152092807200E+00
-.7405152092807200E+00
.6263636702652700E+00
-.2435277754091950E+00
.2435277754091950E+00
-.7405152092807190E+00
-.6263636702652710E+00
-.7405152092807200E+00
-.6263636702652700E+00
.2435277754091950E+00
.2435277754091950E+00
.7405152092807190E+00
.6263636702652710E+00
.7405152092807200E+00
-.6263636702652700E+00
-.2435277754091950E+00
-.2435277754091950E+00
.7405152092807200E+00
-.6263636702652710E+00
.7405152092807200E+00
.6263636702652700E+00
.2435277754091950E+00
.6263636702652710E+00
.2435277754091940E+00
.7405152092807200E+00
-.6263636702652710E+00
-.2435277754091940E+00
.7405152092807200E+00
-.2862487234260350E+00
.9571203270924580E+00
-.4452356458542100E-01
.9571203270924580E+00
-.4452356458542000E-01
-.2862487234260350E+00
.2862487234260350E+00
-.9571203270924580E+00
-.4452356458542100E-01
-.4452356458542000E-01
-.2862487234260350E+00
.9571203270924580E+00
-.9571203270924580E+00
-.4452356458541900E-01
.2862487234260350E+00
-.4452356458542100E-01
.2862487234260340E+00
-.9571203270924580E+00
-.9571203270924580E+00
.4452356458542000E-01
-.2862487234260340E+00
.4452356458542100E-01
.2862487234260340E+00
.9571203270924580E+00
.9571203270924580E+00
.4452356458542000E-01
.2862487234260340E+00
.4452356458542100E-01
-.2862487234260340E+00
-.9571203270924580E+00
-.2862487234260340E+00
-.9571203270924580E+00
.4452356458542100E-01
.2862487234260350E+00
.9571203270924580E+00
.4452356458542100E-01
