.1549160910043080E+00
.9406666713134419E+00
-.3019059758070950E+00
-.1917028415266480E+00
-.5963246724830760E+00
.7795170976563380E+00
.5773502691895790E+00
.5773502691896970E+00
.5773502691896010E+00
.5773502691896970E+00
.5773502691896260E+00
-.5773502691895540E+00
-.5773502691895960E+00
.5773502691896540E+00
.5773502691896280E+00
.5773502691895370E+00
-.5773502691896680E+00
.5773502691896720E+00
-.5773502691897150E+00
.5773502691895830E+00
-.5773502691895800E+00
.5773502691896550E+00
-.5773502691895980E+00
-.5773502691896240E+00
-.5773502691895550E+00
-.5773502691896250E+00
.5773502691896970E+00
-.5773502691896720E+00
-.5773502691895550E+00
-.5773502691896500E+00
-.3019059758070840E+00
.1549160910043080E+00
.9406666713134449E+00
.7795170976563840E+00
-.1917028415266140E+00
-.5963246724830270E+00
.1549160910042660E+00
.9406666713134700E+00
.3019059758070280E+00
-.1917028415265970E+00
-.5963246724830620E+00
-.7795170976563610E+00
.9406666713134220E+00
-.3019059758071480E+00
.1549160910043240E+00
-.5963246724830310E+00
.7795170976563870E+00
-.1917028415265880E+00
.3019059758071070E+00
.1549160910043240E+00
.9406666713134350E+00
-.7795170976563760E+00
-.1917028415266320E+00
-.5963246724830320E+00
.9406666713134390E+00
.3019059758071080E+00
.1549160910042990E+00
-.5963246724830230E+00
-.7795170976564010E+00
-.1917028415265580E+00
-.3019059758071050E+00
.1549160910042870E+00
-.9406666713134419E+00
.7795170976563860E+00
-.1917028415265490E+00
.5963246724830450E+00
.9406666713134570E+00
-.3019059758070670E+00
-.1549160910042740E+00
-.5963246724831049E+00
.7795170976563240E+00
.1917028415266170E+00
.3019059758071310E+00
.1549160910043030E+00
-.9406666713134310E+00
-.7795170976563780E+00
-.1917028415265660E+00
.5963246724830500E+00
.9406666713134740E+00
.3019059758070270E+00
-.1549160910042480E+00
-.5963246724830970E+00
-.7795170976563370E+00
.1917028415265860E+00
-.9406666713134230E+00
-.3019059758071410E+00
.1549160910043320E+00
.5963246724830240E+00
.7795170976563870E+00
-.1917028415266130E+00
-.1549160910043280E+00
.9406666713134290E+00
-.3019059758071250E+00
.1917028415266380E+00
-.5963246724830480E+00
.7795170976563620E+00
-.9406666713134400E+00
.3019059758071010E+00
.1549160910043060E+00
.5963246724830160E+00
-.7795170976564000E+00
-.1917028415265820E+00
-.1549160910042840E+00
.9406666713134580E+00
.3019059758070570E+00
.1917028415265880E+00
-.5963246724830350E+00
-.7795170976563840E+00
.1549160910042960E+00
-.9406666713134400E+00
-.3019059758071070E+00
-.1917028415266090E+00
.5963246724830870E+00
.7795170976563390E+00
-.3019059758070360E+00
-.1549160910042770E+00
.9406666713134660E+00
.7795170976563460E+00
.1917028415266300E+00
-.5963246724830710E+00
.1549160910042530E+00
-.9406666713134680E+00
.3019059758070410E+00
-.1917028415265590E+00
.5963246724830720E+00
-.7795170976563630E+00
.3019059758070600E+00
-.1549160910042930E+00
.9406666713134550E+00
-.7795170976563370E+00
.1917028415266490E+00
-.5963246724830770E+00
-.9406666713134580E+00
-.3019059758070580E+00
-.1549160910042810E+00
.5963246724830989E+00
.7795170976563220E+00
.1917028415266400E+00
-.9406666713134750E+00
.3019059758070180E+00
-.1549160910042550E+00
.5963246724830910E+00
-.7795170976563360E+00
.1917028415266100E+00
-.3019059758070560E+00
-.1549160910042580E+00
-.9406666713134620E+00
.7795170976563480E+00
.1917028415265650E+00
.5963246724830900E+00
.3019059758070810E+00
-.1549160910042730E+00
-.9406666713134521E+00
-.7795170976563400E+00
.1917028415265840E+00
.5963246724830950E+00
-.1549160910043150E+00
-.9406666713134270E+00
-.3019059758071370E+00
.1917028415266000E+00
.5963246724830600E+00
.7795170976563630E+00
-.1549160910042720E+00
-.9406666713134550E+00
.3019059758070710E+00
.1917028415265490E+00
.5963246724830460E+00
-.7795170976563860E+00
