-.7538286671970170E+00
.5459519080612600E+00
-.3656211900262870E+00
.5459519080612580E+00
-.3656211900262900E+00
-.7538286671970170E+00
.7538286671970160E+00
-.5459519080612610E+00
-.3656211900262880E+00
-.3656211900262890E+00
-.7538286671970170E+00
.5459519080612590E+00
-.5459519080612580E+00
-.3656211900262880E+00
.7538286671970180E+00
-.3656211900262890E+00
.7538286671970170E+00
-.5459519080612590E+00
-.5459519080612580E+00
.3656211900262890E+00
-.7538286671970170E+00
.3656211900262870E+00
.7538286671970170E+00
.5459519080612600E+00
.5459519080612590E+00
.3656211900262890E+00
.7538286671970170E+00
.3656211900262870E+00
-.7538286671970180E+00
-.5459519080612590E+00
-.7538286671970170E+00
-.5459519080612610E+00
.3656211900262880E+00
.7538286671970160E+00
.5459519080612610E+00
.3656211900262870E+00
.7001810193637300E+00
-.7131510658477930E+00
.3408954976125600E-01
-.7131510658477940E+00
.3408954976125400E-01
.7001810193637290E+00
-.7001810193637300E+00
.7131510658477930E+00
.3408954976125600E-01
.3408954976125500E-01
.7001810193637300E+00
-.7131510658477930E+00
.7131510658477930E+00
.3408954976125400E-01
-.7001810193637300E+00
.3408954976125700E-01
-.7001810193637290E+00
.7131510658477940E+00
.7131510658477940E+00
-.3408954976125500E-01
.7001810193637280E+00
-.3408954976125600E-01
-.7001810193637290E+00
-.7131510658477940E+00
-.7131510658477940E+00
-.3408954976125400E-01
-.7001810193637290E+00
-.3408954976125700E-01
.7001810193637290E+00
.7131510658477940E+00
.7001810193637300E+00
.7131510658477930E+00
-.3408954976125700E-01
-.7001810193637290E+00
-.7131510658477940E+00
-.3408954976125700E-01
.2762302182617920E+00
.7705072072573600E-01
-.9579979399532590E+00
.7705072072573500E-01
-.9579979399532580E+00
.2762302182617930E+00
-.2762302182617920E+00
-.7705072072573400E-01
-.9579979399532590E+00
-.9579979399532590E+00
.2762302182617910E+00
.7705072072573800E-01
-.7705072072573500E-01
-.9579979399532590E+00
-.2762302182617920E+00
-.9579979399532580E+00
-.2762302182617930E+00
-.7705072072573600E-01
-.7705072072573600E-01
.9579979399532580E+00
.2762302182617940E+00
.9579979399532590E+00
-.2762302182617900E+00
.7705072072573700E-01
.7705072072573400E-01
.9579979399532590E+00
-.2762302182617920E+00
.9579979399532580E+00
.2762302182617930E+00
-.7705072072573800E-01
.2762302182617930E+00
-.7705072072573600E-01
.9579979399532580E+00
-.2762302182617910E+00
.7705072072573500E-01
.9579979399532590E+00
.4518191025552430E+00
-.7833559375218190E+00
.4268641162190700E+00
-.7833559375218180E+00
.4268641162190710E+00
.4518191025552430E+00
-.4518191025552430E+00
.7833559375218190E+00
.4268641162190700E+00
.4268641162190710E+00
.4518191025552420E+00
-.7833559375218190E+00
.7833559375218180E+00
.4268641162190700E+00
-.4518191025552440E+00
.4268641162190720E+00
-.4518191025552420E+00
.7833559375218180E+00
.7833559375218190E+00
-.4268641162190700E+00
.4518191025552420E+00
-.4268641162190720E+00
-.4518191025552410E+00
-.7833559375218190E+00
-.7833559375218180E+00
-.4268641162190700E+00
-.4518191025552430E+00
-.4268641162190720E+00
.4518191025552410E+00
.7833559375218190E+00
.4518191025552430E+00
.7833559375218180E+00
-.4268641162190710E+00
-.4518191025552420E+00
-.7833559375218190E+00
-.4268641162190710E+00
-.3385843599592600E+00
-.9332100372395270E+00
.1203314488667840E+00
-.9332100372395260E+00
.1203314488667870E+00
-.3385843599592600E+00
.3385843599592610E+00
.9332100372395260E+00
.1203314488667860E+00
.1203314488667850E+00
-.3385843599592610E+00
-.9332100372395260E+00
.9332100372395260E+00
.1203314488667890E+00
.3385843599592600E+00
.1203314488667850E+00
.3385843599592610E+00
.9332100372395260E+00
.9332100372395260E+00
-.1203314488667870E+00
-.3385843599592620E+00
-.1203314488667840E+00
.3385843599592620E+00
-.9332100372395260E+00
-.9332100372395260E+00
-.1203314488667870E+00
.3385843599592610E+00
-.1203314488667840E+00
-.3385843599592620E+00
.9332100372395260E+00
-.3385843599592620E+00
.9332100372395260E+00
-.1203314488667840E+00
.3385843599592610E+00
-.9332100372395270E+00
-.1203314488667830E+00
