.9839748285202770E+00
.0000000000000000E+00
.1783074222753860E+00
-.3477336794164400E+00
-.3932186551872460E+00
-.8511523820164280E+00
-.9839748285202760E+00
.0000000000000000E+00
-.1783074222753850E+00
-.6362411491043150E+00
.2149112329123390E+00
.7409523346035960E+00
.3477336794164400E+00
.3932186551872470E+00
.8511523820164270E+00
.6362411491043160E+00
-.2149112329123400E+00
-.7409523346035950E+00
.3477336794164400E+00
-.3932186551872470E+00
.8511523820164270E+00
.6362411491043160E+00
.2149112329123390E+00
-.7409523346035950E+00
-.3477336794164400E+00
.3932186551872460E+00
-.8511523820164280E+00
-.6362411491043150E+00
-.2149112329123390E+00
.7409523346035960E+00
.3932186551872460E+00
-.8511523820164270E+00
-.3477336794164410E+00
-.8511523820164280E+00
.3477336794164400E+00
-.3932186551872460E+00
-.3932186551872450E+00
.8511523820164280E+00
.3477336794164400E+00
.8511523820164270E+00
-.3477336794164400E+00
.3932186551872460E+00
-.7409523346035960E+00
-.6362411491043150E+00
.2149112329123380E+00
.2149112329123390E+00
.7409523346035970E+00
.6362411491043140E+00
.7409523346035960E+00
.6362411491043150E+00
-.2149112329123390E+00
-.2149112329123390E+00
-.7409523346035960E+00
-.6362411491043150E+00
-.3932186551872450E+00
-.8511523820164280E+00
.3477336794164400E+00
.8511523820164270E+00
.3477336794164400E+00
.3932186551872470E+00
.3932186551872470E+00
.8511523820164270E+00
-.3477336794164410E+00
-.8511523820164280E+00
-.3477336794164400E+00
-.3932186551872460E+00
.7409523346035960E+00
-.6362411491043140E+00
-.2149112329123390E+00
-.2149112329123390E+00
.7409523346035960E+00
-.6362411491043150E+00
-.7409523346035960E+00
.6362411491043150E+00
.2149112329123380E+00
.2149112329123390E+00
-.7409523346035960E+00
.6362411491043150E+00
-.1000000000000000E-14
-.1783074222753860E+00
-.9839748285202760E+00
-.1000000000000000E-14
.1783074222753860E+00
.9839748285202760E+00
-.7409523346035970E+00
-.6362411491043150E+00
-.2149112329123380E+00
-.1783074222753860E+00
.9839748285202760E+00
.0000000000000000E+00
.7409523346035960E+00
.6362411491043150E+00
.2149112329123390E+00
.1783074222753850E+00
-.9839748285202760E+00
.0000000000000000E+00
-.8511523820164280E+00
.3477336794164400E+00
.3932186551872450E+00
.8511523820164270E+00
-.3477336794164400E+00
-.3932186551872460E+00
.0000000000000000E+00
-.1783074222753860E+00
.9839748285202760E+00
-.1000000000000000E-14
.1783074222753860E+00
-.9839748285202760E+00
.7409523346035960E+00
-.6362411491043150E+00
.2149112329123390E+00
.1783074222753860E+00
.9839748285202760E+00
.0000000000000000E+00
-.7409523346035960E+00
.6362411491043150E+00
-.2149112329123380E+00
-.1783074222753860E+00
-.9839748285202760E+00
.0000000000000000E+00
.8511523820164270E+00
.3477336794164400E+00
-.3932186551872470E+00
-.8511523820164280E+00
-.3477336794164400E+00
.3932186551872450E+00
-.3932186551872460E+00
-.8511523820164280E+00
-.3477336794164400E+00
.2149112329123390E+00
.7409523346035960E+00
-.6362411491043140E+00
.3932186551872460E+00
.8511523820164270E+00
.3477336794164410E+00
-.2149112329123380E+00
-.7409523346035960E+00
.6362411491043150E+00
-.6362411491043150E+00
.2149112329123390E+00
-.7409523346035960E+00
.6362411491043150E+00
-.2149112329123390E+00
.7409523346035960E+00
-.3477336794164390E+00
-.3932186551872450E+00
.8511523820164280E+00
-.3932186551872460E+00
.8511523820164270E+00
-.3477336794164400E+00
.3477336794164400E+00
.3932186551872470E+00
-.8511523820164270E+00
.3932186551872460E+00
-.8511523820164270E+00
.3477336794164410E+00
-.2149112329123390E+00
.7409523346035960E+00
.6362411491043150E+00
.2149112329123390E+00
-.7409523346035960E+00
-.6362411491043150E+00
.6362411491043150E+00
.2149112329123390E+00
.7409523346035960E+00
-.6362411491043150E+00
-.2149112329123390E+00
-.7409523346035960E+00
.3477336794164400E+00
-.3932186551872470E+00
-.8511523820164270E+00
-.3477336794164400E+00
.3932186551872450E+00
.8511523820164280E+00
-.9839748285202760E+00
.0000000000000000E+00
.1783074222753850E+00
.9839748285202760E+00
.0000000000000000E+00
-.1783074222753860E+00
