-.6255209881602540E+00
-.7673610045544000E+00
.1409985179364700E+00
-.7672427413700500E+00
.1411116382934610E+00
-.6256405368525180E+00
.6254929286339920E+00
.7673366024979470E+00
.1412555651851610E+00
.1412599782857530E+00
-.6254973365383090E+00
-.7673321969774169E+00
.7672171775977220E+00
.1411424450656330E+00
.6256649363676060E+00
.1409941047324360E+00
.6255228978850370E+00
.7673602587130800E+00
.7673671213519559E+00
-.1410034708464950E+00
-.6255123678051890E+00
-.1411074217386270E+00
.6256300078253110E+00
-.7672521025313510E+00
-.7673415575795750E+00
-.1412506125124700E+00
.6254879682905210E+00
-.1411466612794940E+00
-.6256555691710420E+00
.7672240407957190E+00
-.6256319160421340E+00
.7672476983004790E+00
-.1411229077154560E+00
.6256599755682080E+00
-.7672232962446800E+00
-.1411311754058560E+00
.5571880480715090E+00
-.4475345647833600E-01
-.8291794782913420E+00
-.4485587811454200E-01
-.8292832145924940E+00
.5570254035443200E+00
-.5570231765605090E+00
.4489683751235000E-01
-.8292824939402920E+00
-.8292769813537900E+00
.5570303319042050E+00
-.4490988238058500E-01
.4500608513203000E-01
-.8291787590336450E+00
-.5571687696457081E+00
-.8291849902738060E+00
-.5571805246676550E+00
.4474499788474600E-01
.4474511262700700E-01
.8291868870343290E+00
.5571776927213760E+00
.8292859037266960E+00
-.5570225725340150E+00
-.4484131541096600E-01
-.4489531964450300E-01
.8292750865916650E+00
-.5570343266194679E+00
.8291760679008749E+00
.5571727652985150E+00
.4500619990677900E-01
.5570150477881700E+00
.4485436035495000E-01
.8292902525019150E+00
-.5571799192991600E+00
-.4499774138897400E-01
.8291717197297990E+00
-.2560655654109130E+00
.8607703824921130E+00
.4398917762759060E+00
.8608171937494520E+00
.4399428934535150E+00
-.2558202678543430E+00
.2559781138440990E+00
-.8608464350244180E+00
.4397938386773610E+00
.4397804109275130E+00
-.2559784640674000E+00
.8608531907927870E+00
-.8608968669378900E+00
.4397427222396980E+00
.2558963124660960E+00
.4399052037052120E+00
.2560581296938110E+00
-.8607657323399810E+00
-.8607663058143230E+00
-.4398986385971350E+00
-.2560674804326980E+00
-.4399515654145460E+00
.2558296190221410E+00
.8608099825863290E+00
.8608459790026740E+00
-.4397869770942070E+00
.2559914358201620E+00
-.4397340492183260E+00
-.2559092846502780E+00
-.8608974410391970E+00
-.2558221826891520E+00
-.8608167398021460E+00
-.4399426682200340E+00
.2559096342559870E+00
.8608927923347450E+00
-.4397429467325800E+00
-.2148474707463120E+00
-.3239846898907800E-01
.9761100878082740E+00
-.3236168906853200E-01
.9761498728347380E+00
-.2146721846102970E+00
.2146533912587150E+00
.3222968714374900E-01
.9761583728513260E+00
.9761568906841750E+00
-.2146621640237140E+00
-.3221614667304400E-01
.3218487197615700E-01
.9761185894661391E+00
.2148409488773350E+00
.9761115692642290E+00
.2148389643385310E+00
.3241024144420400E-01
.3240438731759700E-01
-.9761127401675890E+00
-.2148345274044470E+00
-.9761504697174500E+00
.2146677480389070E+00
-.3237311264470600E-01
-.3222757022524800E-01
-.9761557221333460E+00
.2146657631381940E+00
-.9761179902309550E+00
-.2148445483512370E+00
.3217901787241900E-01
-.2146592411125010E+00
.3235957222646100E-01
-.9761527894189130E+00
.2148533206001200E+00
-.3219079038364400E-01
-.9761156712406470E+00
-.5316579534180750E+00
-.8273339530941490E+00
-.1812687248945930E+00
-.8272321878124060E+00
-.1811732915871120E+00
-.5318487998130590E+00
.5316939693677690E+00
.8273652744794220E+00
-.1810199589093320E+00
-.1810139371845850E+00
-.5316957717831260E+00
-.8273654336584780E+00
.8272650003242400E+00
-.1811153925205650E+00
.5318174816895900E+00
-.1812747464882220E+00
.5316629623847160E+00
.8273294148729020E+00
.8273379129643990E+00
.1812652358037510E+00
-.5316529808631980E+00
.1811784250571890E+00
.5318388191844240E+00
-.8272374802330430E+00
-.8273707254762440E+00
.1810234483059680E+00
.5316842989860900E+00
.1811102586154330E+00
-.5318060097873780E+00
.8272734990184800E+00
-.5318438268704770E+00
.8272376408031750E+00
.1811629914142640E+00
.5318078109206920E+00
-.8272689621881080E+00
.1811256923905430E+00
-.6600529784314531E+00
-.6410703014238900E+00
-.3916106922647170E+00
-.6409432781620240E+00
-.3914906263600130E+00
-.6602475321053179E+00
.6601308161987530E+00
.6411379932874460E+00
-.3913685974476170E+00
-.3913661271946650E+00
-.6601299904344370E+00
-.6411403514158810E+00
.6410141926516800E+00
-.3914886640099250E+00
.6601798472922650E+00
-.3916131622327060E+00
.6600590826742870E+00
.6410625075180110E+00
.6410745322055420E+00
.3916047718584040E+00
-.6600523818722061E+00
.3914935825762260E+00
.6602408324135060E+00
-.6409483739081900E+00
-.6411454466952770E+00
.3913745185133930E+00
.6601200666850870E+00
.3914857068510000E+00
-.6601699246530760E+00
.6410262178062029E+00
-.6602469350652650E+00
.6409507331154460E+00
.3914794278831230E+00
.6601690972978630E+00
-.6410184249773530E+00
.3914998618294490E+00
-.8878095447864510E+00
-.2962340013095760E+00
.3521926016460220E+00
-.2960667920239880E+00
.3523564025129960E+00
-.8878003268014290E+00
.8877394975983099E+00
.2961730845485540E+00
.3524203291424820E+00
.3524163117776850E+00
-.8877438356676250E+00
-.2961648619048960E+00
.2960029751816160E+00
.3522565288678170E+00
.8878612372176340E+00
.3521966187543760E+00
.8878076464546130E+00
.2962349146112020E+00
.2962433087631600E+00
-.3522028941708700E+00
-.8878023560177780E+00
-.3523574352146160E+00
.8877950378573241E+00
-.2960814222555850E+00
-.2961794919204630E+00
-.3524100372105150E+00
.8877414456017140E+00
-.3522554953175360E+00
-.8878588486443870E+00
.2960113695493150E+00
-.8877931373857750E+00
.2960732001098630E+00
-.3523691322852040E+00
.8878631845739851E+00
-.2960122833498500E+00
-.3522437985034650E+00
-.2622350441333200E+00
-.9631968323160830E+00
-.5903087196255600E-01
-.9631467531778790E+00
-.5898607663367000E-01
-.2624289896453470E+00
.2622467591823790E+00
.9632070203456430E+00
-.5881218628148700E-01
-.5880201827075200E-01
-.2622502022937960E+00
-.9632067036956030E+00
.9631574262320920E+00
-.5885698170873300E-01
.2624188026763920E+00
-.5904103993067700E-01
.2622395302518100E+00
.9631949877243000E+00
.9631989104617060E+00
.5903143538266000E-01
-.2622272840915770E+00
.5899352177531600E-01
.2624167439246010E+00
-.9631496337000580E+00
-.9632095835159220E+00
.5881162296107100E-01
.2622374710596640E+00
.5884953642617700E-01
-.2624060718844200E+00
.9631613496712860E+00
-.2624212294120090E+00
.9631493186694710E+00
.5897871056935700E-01
.2624095143628140E+00
-.9631595066989900E+00
.5886434767523200E-01
-.7155075639675860E+00
-.5512037701387860E+00
.4292124528598390E+00
-.5510696074929951E+00
.4293431805847270E+00
-.7155324737444880E+00
.7154222023624230E+00
.5511295351454290E+00
.4294500062373780E+00
.4294508199172310E+00
-.7154282714111380E+00
-.5511210227691270E+00
.5509918383737999E+00
.4293192792340250E+00
.7156067010051250E+00
.4292116388668970E+00
.7155060331503000E+00
.5512063910974860E+00
.5512118694302640E+00
-.4292194620397150E+00
-.7154971197744480E+00
-.4293412473175590E+00
.7155235615710740E+00
-.5510826854369940E+00
-.5511341003106980E+00
-.4294429977797900E+00
.7154228925136690E+00
-.4293212114664220E+00
-.7156013233111630E+00
.5509973171080930E+00
-.7155220290294890E+00
.5510741739856940E+00
-.4293547260011320E+00
.7156073906348100E+00
-.5509999389950980E+00
-.4293077330962450E+00
